29119
17614
4778
16360
28652
1050
14478
28460
6807
2295
4258
21295
18705
4158
23532
559
27825
27067
2666
3831
17959
10290
1265
22787
1293
4767
21895
10213
1471
15042
1970
5607
8557
23771
20288
3570
17518
27827
26216
24750
16087
29659
769
13547
845
9528
11250
22336
18455
18880
746
11505
15991
27262
22097
19990
21563
23516
3966
2810
13199
3617
20778
24770
29973
18233
23076
8527
14392
10677
71
21093
5565
11538
22442
2060
8346
27454
23062
15926
26892
26456
8893
115
13796
12727
4648
6146
26657
3375
28274
26457
15556
1119
21428
1910
24800
18286
2240
6599
3057
6440
3090
21143
5230
29987
27907
20826
12962
19799
17728
14939
26039
8205
26235
29395
12052
5606
4192
20237
6121
16672
17099
27592
13575
25109
56
14045
7414
21764
5243
27425
1089
3348
13233
909
29717
16534
1398
27036
20234
10891
28760
25333
6209
1382
14732
586
12463
8979
19680
8064
2440
17975
16625
6928
13312
8378
27550
28845
9598
7043
6844
23847
27090
19330
17675
7055
12760
14324
18281
2156
3965
21986
582
25421
7889
23787
27480
21968
17758
22852
26512
18851
1673
7933
332
19449
21846
646
20174
8031
15008
1345
7405
2975
2377
3705
12810
25828
3807
14276
15686
3616
4513
5733
17906
1403
23440
8229
12104
29485
1689
11395
9304
8637
12817
505
68
10570
14514
18561
1712
19514
24710
1368
117
26194
13137
1026
4245
15830
4179
20622
21876
28657
494
10011
10821
1830
29862
1899
7362
13352
26263
1239
27424
4120
2283
22964
7746
12749
443
10164
5165
5256
24405
959
3772
12552
15504
20004
6804
6315
2604
18139
25179
19415
26013
14093
16933
20376
21562
21461
12079
18058
7280
15945
18384
4346
11117
17588
8108
14408
22554
18726
7211
10639
17208
28975
29994
904
2174
743
11760
1660
26913
4913
6755
7833
1734
26945
17531
28599
10356
15196
17912
11291
14334
10463
27216
13484
2239
5507
11500
25476
26486
18911
26515
20633
23637
2047
17703
18844
21332
11347
19599
289
7883
25115
6132
14593
2112
21697
3120
27644
25469
1927
9347
15011
22502
2211
9864
8054
21514
21161
21096
11849
24440
15080
25422
25324
16084
2887
29723
17162
7722
18545
7258
22354
13697
5150
22902
16341
7092
1173
6186
26543
15229
5486
29242
7146
7891
5533
29793
2463
1142
13996
138
26462
29640
8520
8259
19920
17118
13055
23406
923
17111
18760
26425
16518
1644
15812
16721
11230
409
659
2899
6680
10907
14090
14980
19895
13163
1700
28609
16241
21802
12310
3001
12685
23565
215
21337
4751
1179
16352
14472
29463
10756
5344
6933
4871
11956
10132
5613
18916
21288
8533
11410
20095
28416
18194
27848
8660
16470
23376
22674
8498
17743
24942
11356
924
21487
9774
21882
18032
25650
12657
11473
19782
16472
1346
18900
14619
3968
19990
435
15023
28280
26706
26318
25643
2772
24334
23664
15879
29757
18457
4794
9003
6156
8509
2477
10324
6936
4804
9101
4794
1483
15162
15794
8688
332
26741
10592
12555
19960
25043
4873
29446
2658
10179
18673
20069
17470
19591
16611
7193
456
19000
9763
19876
21642
1242
931
15997
29997
4305
24185
13494
20880
17604
21649
21724
16663
129
5023
3359
21318
18258
15448
15282
27790
11951
1506
5237
9574
4356
13705
2514
8094
23988
16051
15588
17904
10845
7958
14559
10713
26974
19240
2172
29607
27030
16087
7635
6354
879
1659
29598
19599
5915
21513
12668
24227
16414
29833
20899
1861
25101
14794
10489
2152
29333
11348
8501
1591
9406
6558
24129
1218
22897
21121
21219
23608
1033
11757
2205
1317
6982
9179
7890
11006
7607
5250
17705
11850
4889
4046
13623
23443
10538
12558
28504
1437
27875
25325
16093
18455
4022
8099
18797
21904
4629
364
11685
16236
515
14137
29954
26183
26126
12710
23809
9144
23469
7213
15236
11562
21158
361
632
6375
996
25277
9909
14710
9383
1333
28197
17191
17868
16781
26921
28652
14415
2257
6968
5482
6926
21541
5834
24912
160
6598
4212
12264
1413
28017
11604
12524
7632
27602
4271
20122
17346
1295
27865
2826
26089
11942
6997
18368
21897
29636
62
11134
25897
15768
15589
6747
20561
25112
140
29721
20627
27170
12147
3252
968
28341
1888
4919
1948
22113
19236
23251
28237
1788
13196
14898
28847
24471
18101
29961
372
3760
9588
25581
9642
6314
18420
20071
13957
8826
28065
11082
28767
21666
17477
15172
29437
27235
2673
12724
5908
16686
12575
24507
15627
1837
16533
5526
979
4384
1165
11819
16405
20154
17298
945
1450
14061
1453
133
8497
15026
11841
6027
17212
12078
27956
193
9132
3810
19279
28170
18239
23330
21992
17274
7558
12744
11710
28637
9964
27433
2036
6733
15348
21576
6498
19972
22978
22858
21336
6254
6109
13354
15204
19842
11059
29614
23686
26195
6750
28314
12994
11746
1829
499
24774
12343
12614
25254
26829
8112
5747
14746
27843
9368
21402
9156
14762
19195
11113
25769
8764
697
22034
1817
27858
26074
2331
16394
22660
14625
3993
2755
2146
23268
14799
3098
3331
5147
19921
11872
13195
2694
22430
27739
9138
1796
6542
9620
2867
23409
19672
25075
626
17599
19286
25719
28242
2057
1677
22058
15222
2644
28648
7509
15494
25271
13892
13552
10725
8525
1921
6236
9152
28312
28279
5973
1593
5192
21592
9762
18629
28428
3861
2270
27858
12968
6964
8732
16302
13384
511
7159
29604
12051
23504
1320
21608
14084
18316
12427
6837
19957
1598
2052
9012
20221
21254
29294
3232
9212
2385
21972
296
1092
14122
2532
12052
25755
7473
20128
13484
12206
8875
6999
853
16519
10203
22996
2254
19826
11440
25045
22202
21565
15246
18623
28590
1934
29010
22927
17198
9849
18064
18708
5923
29266
2286
1324
2688
14016
23767
26476
29973
6163
3737
563
211
7128
23696
8641
17937
8106
6327
20405
26942
12875
25243
2548
6904
755
10595
19617
18988
23271
3853
793
16767
21838
4346
26717
13293
18752
6573
19942
1920
6689
24528
8820
5732
25133
13943
18263
3432
11091
12969
9490
29063
10823
18973
24333
2776
12243
20289
28554
21986
17518
28288
16346
2820
8719
4293
4305
13589
67
18235
18295
6983
26238
9304
29184
593
