566
27798
21518
26808
10489
3887
17037
9629
14177
1213
4271
8039
28595
26917
24260
13621
13412
209
24474
5036
28755
19833
929
17293
15114
21375
24397
1677
4673
1658
20668
305
19620
14070
10393
6680
10711
26522
23104
26029
9142
26970
499
22493
25825
2030
1084
10806
2168
23170
8676
18289
1827
3247
27923
1745
38
13226
25513
5356
419
955
18972
24794
2928
1217
29587
18283
6426
19989
15363
27342
22298
16604
28055
1936
2407
6752
5462
1713
25692
11544
2816
205
24540
28520
12344
23193
9075
1437
10984
4573
27119
18074
7906
13409
7503
6383
10947
12123
